28889642
4405.247157871166
28911067
4237.560230238231
29150394
4024.7717240736356
37740646
2036.4657059042831
37740647
2037.3747233482227
37740649
717.0310383819271
37740650
717.2808688722135
37740651
716.714641517387
37740652
716.1886538327359
37740653
4960.41972381973
37740654
4896.379393986167
37740655
4963.466560827474
37740660
4047.426594509552
37740662
4045.717413082504
37740663
4044.060939428801
37740664
5996.034041942405
37740665
5992.344340259173
37740666
5980.3086739486625
37740690
1058.286175766445
37740691
1236.3939674444487
37740693
832.1182646533157
37740694
833.2942466965555
37740695
698.8669762387273
37740696
2243.008641942756
38159889
2753.847125939283
38159892
2926.7365662114426
38159896
2321.697591877414
38159897
1798.1028441750182
38159901
6702.815516379334
38159902
6709.89713224755
38159903
6709.147724126017
42146360
3358.6149977880787
42146361
3359.169880757093
42146362
3364.0185252903307
42268649
3802.9238139244553
42268720
1673.586031121709
42268882
3500.559416973126
42269124
1097.5875987937889
42269226
597.0596505684161
42276907
3152.8361158597045
42276908
2942.0388977526236
42276909
3153.9206768765916
42276910
3045.038971502603
42276911
3307.332957792397
42276912
3698.3412470030853
42276914
5473.183599231353
42276916
3629.918110002709
42278033
510.3631856470055
42278034
718.966992039661
42348206
5470.604059982996
42348210
2755.6568023528653
42417162
8848.673131146441
42417167
3741.732199790662
42417457
4093.603728340342
42417458
4239.832891483656
42417459
4095.2214342592615
42417460
4241.656922029149
42417461
4097.422191554087
42418347
3313.3390597491343
42418348
4280.116002598722
42418350
4653.789021139124
42451908
3308.868366781775
42451909
1059.0827909588015
42451910
4379.023627544114
42451911
5473.077036012947
42451912
5474.31401898597
42451913
4384.362807396278
42451914
4384.116398687356
42451916
95.1702794024983
42451920
156.80652842907125
42451921
51.81659941233683
42451922
69.87504153677072
42451923
127.9592080547003
42451928
434.81028347824093
42451930
3568.027022946018
63108641
2005.8788302322962
63108656
2301.7635640280528
63108846
4187.4618511863
63108859
4189.491845433168
106734348
112.57996698135608
150374740
167.49480939030246
207558118
1430.1800263019322
316777075
19191.107613004453
328007124
871.046065969461
528117465
3727.7940951741693
535842126
551.3029242951
714845603
8235.508568909232
